472596057512540
472596910212549
472596760412540
472593698912548
472592432112541
472593670912542
472599271512549
472598756112540
472593969512545
472597351712544
472597351712544
472593924012547
472598987212545
472594688312546
472591799712548
472592857312540
472594624112544
472595732412540
472591175212549
472594462812545
472591682712549
472599949612540
472590330912546
472590330912546
472590330912546
472594570412545
472597181012548
472595353612541
472591548212541
472594107112542
472592690012546
472597617112545
472598321112548
472597928412549
472592214112547
472598974212541
472591490712540
472599587812548
472596711812542
472599191112546
472592411512546
472599459612542
472590463212544
472599989912549
472590639912544
472595902112546
472592899212549
472593971912548
472593266112547
472598126112545
472596371912545
472594963712542
472596952012541
472598712112546
472591602012544
472591860812542
472598909312544
472593293112541
472591831012544
